89
285 188 51.0
286 189 51.0
287 190 51.0
288 191 51.0
289 192 51.0
290 193 51.0
291 194 51.0
292 195 51.0
293 196 51.0
294 197 51.0
295 198 51.0
296 199 51.0
297 200 51.0
298 201 51.0
299 202 51.0
300 203 51.0
301 204 51.0
302 205 51.0
303 206 51.0
304 207 51.0
305 208 51.0
306 209 51.0
307 210 51.0
308 211 51.0
321 224 51.0
322 225 51.0
323 226 51.0
324 227 51.0
325 228 51.0
326 229 51.0
327 230 51.0
328 231 51.0
329 232 51.0
330 233 51.0
331 234 51.0
332 235 51.0
333 236 51.0
334 237 51.0
335 238 51.0
336 239 51.0
337 240 51.0
338 241 51.0
339 242 51.0
349 243 51.0
467 365 51.0
468 366 51.0
469 367 51.0
470 368 51.0
471 369 51.0
472 370 51.0
473 371 51.0
474 372 51.0
475 373 51.0
476 374 51.0
477 375 51.0
478 376 51.0
479 377 51.0
480 378 51.0
481 379 51.0
482 380 51.0
483 381 51.0
484 382 51.0
485 383 51.0
486 384 51.0
514 412 51.0
515 413 51.0
516 414 51.0
517 415 51.0
518 416 51.0
519 417 51.0
520 418 51.0
521 419 51.0
522 420 51.0
523 421 51.0
524 422 51.0
525 423 51.0
546 443 51.0
547 444 51.0
548 445 51.0
549 446 51.0
550 447 51.0
551 448 51.0
552 449 51.0
553 450 51.0
554 451 51.0
555 452 51.0
556 453 51.0
557 454 51.0
558 455 51.0
