285 188  0 
286 189  0 
287 190  0 
288 191  0 
289 192  0 
290 193  0 
291 194  0 
292 195  0 
293 196  0 
294 197  0 
295 198  0 
296 199  0 
297 200  0 
298 201  0 
299 202  0 
300 203  0 
301 204  0 
302 205  0 
303 206  0 
304 207  0 
305 208  0 
306 209  0 
307 210  0 
308 211  0 
321 224  0 
322 225  0 
323 226  0 
324 227  0 
325 228  0 
326 229  0 
327 230  0 
328 231  0 
329 232  0 
330 233  0 
331 234  0 
332 235  0 
333 236  0 
334 237  0 
335 238  0 
336 239  0 
337 240  0 
338 241  0 
339 242  0 
349 243  0 
467 365  0 
468 366  0 
469 367  0 
470 368  0 
471 369  0 
472 370  0 
473 371  0 
474 372  0 
475 373  0 
476 374  0 
477 375  0 
478 376  0 
479 377  0 
480 378  0 
481 379  0 
482 380  0 
483 381  0 
484 382  0 
485 383  0 
486 384  0 
514 412  0 
515 413  0 
516 414  0 
517 415  0 
518 416  0 
519 417  0 
520 418  0 
521 419  0 
522 420  0 
523 421  0 
524 422  0 
525 423  0 
546 443  0 
547 444  0 
548 445  0 
549 446  0 
550 447  0 
551 448  0 
552 449  0 
553 450  0 
554 451  0 
555 452  0 
556 453  0 
557 454  0 
558 455  0 
