# anchor-strength   nr-shifts   anchored_seq-similarity   whole-seq_seq-similarity   AlignMe_score
0.0 1910  -130.0  -279.0  -722.461
1.0 21  -125.0  -490.0  -1119.92
2.0 21  -125.0  -490.0  -1125.92
3.0 21  -134.0  -513.0  -1126.15
4.0 21  -134.0  -513.0  -1126.15
5.0 21  -134.0  -513.0  -1126.15
6.0 21  -134.0  -513.0  -1126.15
7.0 21  -134.0  -513.0  -1126.15
8.0 21  -134.0  -513.0  -1126.15
9.0 21  -134.0  -513.0  -1126.15
10.0 21  -134.0  -513.0  -1126.15
11.0 21  -134.0  -513.0  -1126.15
12.0 21  -134.0  -513.0  -1126.15
13.0 21  -134.0  -513.0  -1126.15
14.0 21  -134.0  -513.0  -1126.15
15.0 21  -134.0  -513.0  -1126.15
16.0 21  -134.0  -513.0  -1126.15
17.0 21  -134.0  -513.0  -1126.15
18.0 21  -134.0  -513.0  -1126.15
19.0 21  -134.0  -513.0  -1126.15
20.0 21  -134.0  -513.0  -1126.15
21.0 21  -134.0  -513.0  -1126.15
22.0 21  -134.0  -513.0  -1126.15
23.0 21  -134.0  -513.0  -1126.15
24.0 21  -134.0  -513.0  -1126.15
25.0 21  -134.0  -513.0  -1126.15
26.0 21  -134.0  -513.0  -1126.15
27.0 21  -134.0  -513.0  -1126.15
28.0 21  -134.0  -513.0  -1126.15
29.0 21  -134.0  -513.0  -1126.15
30.0 21  -134.0  -513.0  -1126.15
31.0 21  -134.0  -513.0  -1126.15
32.0 21  -134.0  -513.0  -1126.15
33.0 21  -134.0  -513.0  -1126.15
34.0 21  -134.0  -513.0  -1126.15
35.0 21  -134.0  -513.0  -1126.15
36.0 21  -134.0  -513.0  -1126.15
37.0 21  -134.0  -513.0  -1126.15
38.0 21  -134.0  -513.0  -1126.15
39.0 21  -134.0  -513.0  -1126.15
40.0 21  -134.0  -513.0  -1126.15
41.0 21  -134.0  -513.0  -1126.15
42.0 21  -134.0  -513.0  -1126.15
43.0 21  -134.0  -513.0  -1126.15
44.0 21  -134.0  -513.0  -1126.15
45.0 21  -134.0  -513.0  -1126.15
46.0 21  -134.0  -513.0  -1126.15
47.0 21  -134.0  -513.0  -1126.15
48.0 21  -134.0  -513.0  -1126.15
49.0 21  -134.0  -513.0  -1126.15
50.0 21  -134.0  -513.0  -1126.15
51.0 21  -134.0  -513.0  -1126.15
