# anchor-strength   nr-shifts   anchored_seq-similarity   whole-seq_seq-similarity   AlignMe_score
0.0 1910  -130.0  -279.0  -722.461
0.1 1194  -10.0  -274.0  -858.027
0.2 1021  41.5  -235.0  -965.714
0.3 660  9.5  -281.0  -1043.83
0.4 388  -43.5  -369.0  -1094.6
0.5 64  -81.0  -443.0  -1109.42
0.6 34  -110.0  -465.0  -1113.11
0.7 34  -110.0  -465.0  -1115.01
0.8 34  -110.0  -465.0  -1116.91
0.9 34  -110.0  -465.0  -1118.81
1.0 21  -125.0  -490.0  -1119.92
1.1 21  -125.0  -490.0  -1120.52
1.2 21  -125.0  -490.0  -1121.12
1.3 21  -125.0  -490.0  -1121.72
1.4 21  -125.0  -490.0  -1122.32
1.5 21  -125.0  -490.0  -1122.92
1.6 21  -125.0  -490.0  -1123.52
1.7 21  -125.0  -490.0  -1124.12
1.8 21  -125.0  -490.0  -1124.72
1.9 21  -125.0  -490.0  -1125.32
2.0 21  -125.0  -490.0  -1125.92
2.1 21  -134.0  -513.0  -1126.15
2.2 21  -134.0  -513.0  -1126.15
2.3 21  -134.0  -513.0  -1126.15
2.4 21  -134.0  -513.0  -1126.15
2.5 21  -134.0  -513.0  -1126.15
2.6 21  -134.0  -513.0  -1126.15
2.7 21  -134.0  -513.0  -1126.15
2.8 21  -134.0  -513.0  -1126.15
2.9 21  -134.0  -513.0  -1126.15
3.0 21  -134.0  -513.0  -1126.15
3.1 21  -134.0  -513.0  -1126.15
3.2 21  -134.0  -513.0  -1126.15
3.3 21  -134.0  -513.0  -1126.15
3.4 21  -134.0  -513.0  -1126.15
3.5 21  -134.0  -513.0  -1126.15
3.6 21  -134.0  -513.0  -1126.15
3.7 21  -134.0  -513.0  -1126.15
3.8 21  -134.0  -513.0  -1126.15
3.9 21  -134.0  -513.0  -1126.15
4.0 21  -134.0  -513.0  -1126.15
4.1 21  -134.0  -513.0  -1126.15
4.2 21  -134.0  -513.0  -1126.15
4.3 21  -134.0  -513.0  -1126.15
4.4 21  -134.0  -513.0  -1126.15
4.5 21  -134.0  -513.0  -1126.15
4.6 21  -134.0  -513.0  -1126.15
4.7 21  -134.0  -513.0  -1126.15
4.8 21  -134.0  -513.0  -1126.15
4.9 21  -134.0  -513.0  -1126.15
5.0 21  -134.0  -513.0  -1126.15
5.1 21  -134.0  -513.0  -1126.15
5.2 21  -134.0  -513.0  -1126.15
5.3 21  -134.0  -513.0  -1126.15
5.4 21  -134.0  -513.0  -1126.15
5.5 21  -134.0  -513.0  -1126.15
5.6 21  -134.0  -513.0  -1126.15
5.7 21  -134.0  -513.0  -1126.15
