0
0
0
0
0
0
0
0
0
0
0
0
0
0
0
0
0
0
0
0
0
0
0
0
0
0
0
0
0
0
0
0
0
0
0
0
0
0
0
0
0
0
0
0
0
0
0
0
0
0
0
0
0
0
0
0
0
0
0
0
0
0
0
0
0
0
0
0
0
0
0
0
0
0
0
0
0
0
0
0
0
0
0
0
0
0
0
0
0
0
0
0
0
0
0
0
0
0
0
0
0
0
0
0
0
0
0
0
0
0
0
0
0
0
0
0
0
0
0
0
0
0
0
1.24
2.28
3.87
6.565
7.91
10.365
12.735
12.725
14.07
14.59
15.725
14.63
14.11
11.945
9.37
7.7
5.25
2.67
2.79
1.87
2.745
1.615
1.685
1.235
1.905
1.785
2.11
2.105
3.025
4.31
3.985
2.575
5.2
5.94
6.71
6.72
7.74
8.135
9.48
8.77
7.375
7.275
7.29
4.66
3.705
2.865
2.76
1.74
1.345
0
0
0
0
0.215
0.64
0.96
1.435
1.535
1.745
1.395
2.35
3.72
3.57
3.53
3.095
3.54
4.06
3.46
3.26
3.12
3.51
3.725
1.78
1.725
2.285
1.93
2.455
1.465
1.7
2.09
2.81
4.32
3.33
5.565
5.985
5.89
8.935
9.265
11.625
11.61
11.305
11.195
11.18
11.11
8.99
8.46
9.49
6.47
4.17
2.48
5.015
7.41
8.39
6.855
6.745
7.205
7.52
7.79
8.19
8.215
8.435
7.005
4.19
2.6
4.07
3.92
3.345
4.515
2.215
1.91
2.36
1.935
0.28
0.895
1.535
0.17
0.715
0.925
1.515
2.235
3.21
3.295
3.075
3.955
3.34
2.63
2.525
2.13
3.515
1.18
1.25
1.155
1.265
1.17
0.745
1.18
1.18
1.18
1.18
0.16
0.735
0.52
0.095
0
0
0
0
0
0
0.84
1.1
2.51
3.905
4.77
4.195
4.235
5.995
8.08
8.895
8.895
8.055
7.795
6.385
4.99
4.125
6.46
9.28
7.52
5.435
4.62
4.62
5.19
5.175
4.715
4.615
5.325
2.965
-0.205
0.055
-0.375
-0.95
-0.43
-1.325
-1.415
-1.415
-0.59
-1.615
-0.175
-0.11
-0.945
-0.395
1.84
1.535
1.93
3.81
5.995
5.34
6.535
7.375
8.635
9.47
10.43
10.18
10.69
10.625
8.645
7.76
8.005
6.905
4.79
3.2
2.72
1.395
-0.33
-1.37
-1.81
-1.915
-3.21
-1.865
-0.685
-0.15
-0.005
0.215
0.46
0.775
1.09
1.525
1.835
2.29
0.63
-0.33
-1.005
1.135
2.42
2.42
2.42
3.13
3.115
3.59
4.67
6.255
6.465
7.945
7.21
5.82
5.915
7.355
7.165
8.35
9.57
8.75
8.56
11.45
10.64
11.28
13.185
14.575
14.845
14.32
13.025
11.4
11.615
10.425
7.43
7.405
6.81
5.05
3.555
1.74
2.155
2.155
2.205
1.875
2.19
2.345
3.76
2.635
2.14
2.22
2.535
2.305
2.21
2.565
4.05
3.075
4.525
5.685
7.905
10.83
12.925
12.115
13.07
14.355
14.14
12.51
12.965
11.255
8.61
6.25
3.765
1.695
3.165
3.095
3.11
2.75
5.205
5.105
5.175
4.745
5.78
6.425
6.595
5.575
4.77
3.81
4.725
2.165
2.69
2.835
3.58
2.685
1.595
1.545
1.38
2.515
4.6
3.785
3.89
3.465
3.975
4.085
6.885
7.82
7.675
8.195
7.01
7.575
7.67
8.095
7.99
8.305
9.48
7.69
8.055
7.88
7.745
7.1
4.475
6.59
6.48
6.365
6.81
5.95
5.675
5.855
5.385
5.635
6.28
5.56
3.2
2.78
2.79
0.73
-0.56
-1.625
-2.435
-1.545
-1.655
-2.3
-1.765
-0.935
0.01
-0.025
2.35
3.02
3.46
4.85
5.91
5.495
5.58
6.045
5.465
4.3
6.305
7.43
9.68
9.77
10.705
8.78
10.745
12.44
14.395
16.68
17.21
15.14
12.2
10.035
10.255
7.925
8.9
6.685
5.24
2.96
0.47
0.74
0.805
2.22
1.465
1.255
0.725
-0.135
-0.23
1.315
2.94
3.835
3.36
4.355
4.755
6.37
6.635
9.73
9.73
11.61
11.245
9.735
9.465
8.865
8.33
6.43
5.265
4.995
3.18
3.825
1.945
0.965
1.935
0.985
0.985
0.84
0.505
0.395
0.285
-0.915
-1.56
-0.795
0.515
2.82
4.33
5.405
6.51
10.03
11.425
10.835
12.445
13.895
15.39
14.69
12.19
12.15
14.21
14.06
13.38
13.325
14.65
13.68
14.295
12.65
11.84
12.09
13.68
12.775
12.74
10.44
9.31
8.585
9.06
7.43
7.365
7.465
6.225
3.595
2.835
3.03
4.105
4.105
4.105
5.865
7.56
8.55
8.55
9.39
10.8
9.685
9.805
11.255
13.885
15.435
12.805
11.11
10.12
10.12
9.28
7.87
8.115
6.81
4.18
1.55
2.32
2.32
2.32
2.32
2.32
2.32
2.32
2.32
2.32
2.32
2.32
0
0
0
0
0
0
0
0
0
0
0
0
0
0
0
0
0
0
0
0
0
0
0
0
0
0
0
0
