#Column 1 is the position within the alignment 
#Column 2 based on scale ./examples_website/HWvH.txt for sequence 1KPL.pdb CHAIN_ID: B using windowtype triangular with size 13
#Column 3 based on profile ./examples_website/1KPL_B.fasta.ss2, extracted column: 4
#Column 4 based on profile ./examples_website/1KPL_B.fasta.ss2, extracted column: 5
#Column 5 based on profile ./examples_website/1KPL_B.fasta.ss2, extracted column: 6
#Column 6 based on scale ./examples_website/HWvH.txt for sequence 1OTS.pdb CHAIN_ID: A using windowtype triangular with size 13
#Column 7 based on profile ./examples_website/1OTS_A.fasta.ss2, extracted column: 4
#Column 8 based on profile ./examples_website/1OTS_A.fasta.ss2, extracted column: 5
#Column 9 based on profile ./examples_website/1OTS_A.fasta.ss2, extracted column: 6
0       -0.911429           0.999               0               0               0               0               0               0  
1       -0.886923           0.547           0.201           0.152               0               0               0               0  
2        -1.02533            0.52           0.448           0.161               0               0               0               0  
3           -1.29           0.376           0.561           0.083               0               0               0               0  
4        -1.47371           0.402           0.657           0.061               0               0               0               0  
5        -1.69694           0.444           0.591           0.065        -2.09905           0.998           0.001               0  
6        -1.88944           0.442           0.517           0.025        -1.94038           0.324           0.687           0.004  
7        -2.07583           0.252           0.725           0.001        -1.80067            0.26            0.75           0.005  
8        -2.08694            0.08           0.913               0        -1.57212           0.031           0.967           0.001  
9        -1.88028           0.024           0.969               0        -1.27057           0.016            0.98           0.001  
10        -1.67972           0.014           0.982               0        -1.13444            0.01           0.986           0.001  
11        -1.56889            0.01           0.988               0        -1.13861           0.004           0.995               0  
12        -1.48333           0.009            0.99               0        -1.16806           0.005           0.994               0  
13        -1.40139           0.016           0.982               0        -1.21333           0.008            0.99               0  
14        -1.43611           0.032           0.958           0.003        -1.37528           0.023            0.97           0.004  
15        -1.66028           0.116            0.87           0.002        -1.69528           0.084           0.904           0.003  
16        -1.80361           0.485           0.478           0.003        -1.83583           0.456           0.514           0.002  
17           -1.79           0.928           0.025           0.001        -1.81944           0.921           0.033           0.001  
18         -1.6375           0.919           0.027           0.002        -1.66417           0.934           0.025           0.002  
19        -1.39083            0.43           0.522           0.002        -1.40861             0.5            0.43           0.003  
20        -1.09111           0.275           0.733           0.001            -1.1           0.333            0.73           0.005  
21       -0.649444           0.101           0.907           0.002       -0.649444           0.107           0.912           0.015  
22       -0.306944           0.056            0.96           0.004       -0.306944           0.056           0.968           0.013  
23      -0.0330556           0.011           0.989           0.004      -0.0330556           0.008           0.993           0.009  
24        0.119167           0.005           0.995           0.001        0.119167           0.004           0.996           0.002  
25        0.174167           0.006           0.995               0        0.174167           0.004           0.996           0.001  
26        0.176389           0.002           0.997               0        0.176389           0.002           0.997           0.001  
27       0.0966667           0.002           0.997               0       0.0966667           0.002           0.997           0.001  
28       0.0536111           0.005           0.993           0.001       0.0536111           0.005           0.993           0.001  
29    -0.000833333           0.004           0.995           0.001       0.0222222           0.004           0.994           0.001  
30      -0.0763889           0.006           0.993               0      -0.0302778           0.006           0.993               0  
31       -0.138611           0.004           0.995               0      -0.0694444           0.003           0.996               0  
32       -0.142222           0.006           0.993               0      -0.0616667           0.005           0.994               0  
33       -0.134722           0.006           0.993               0      -0.0252778           0.004           0.994               0  
34       -0.152222           0.007           0.991               0      -0.0138889           0.007           0.991               0  
35       -0.146944           0.009           0.988               0      -0.0258333           0.009           0.989               0  
36      -0.0830556           0.008           0.989               0       0.0208333           0.008           0.989               0  
37       -0.115556           0.009           0.989               0      -0.0513889           0.009           0.988               0  
38       -0.261111           0.009           0.989               0       -0.213333           0.009           0.988               0  
39       -0.383056            0.01           0.987               0       -0.404167            0.01           0.987               0  
40       -0.498333            0.01           0.987               0       -0.588333            0.01           0.987               0  
41       -0.645278            0.01           0.987               0       -0.760833            0.01           0.986               0  
42       -0.838889           0.011           0.986               0           -0.98           0.011           0.985               0  
43       -0.859722           0.011           0.985               0       -0.974722           0.011           0.985               0  
44       -0.786944           0.011           0.985               0         -0.8875           0.011           0.985               0  
45       -0.785556           0.011           0.985               0       -0.819167           0.011           0.985               0  
46           -0.79           0.012           0.984               0          -0.825           0.012           0.984               0  
47         -0.8225           0.016            0.98               0       -0.899444           0.014           0.982               0  
48       -0.812778           0.011           0.985               0       -0.945556           0.011           0.985               0  
49       -0.915278           0.012           0.985               0        -1.13972           0.012           0.984               0  
50          -0.965           0.014           0.982               0        -1.28111           0.015           0.981               0  
51       -0.888611           0.019           0.976               0        -1.31389           0.021           0.974               0  
52       -0.800556           0.015           0.981               0        -1.19833           0.019           0.975               0  
53       -0.658056           0.043           0.948               0       -0.999722           0.063           0.924               0  
54       -0.548611           0.081           0.914           0.001       -0.829444           0.132           0.857           0.001  
55         -0.3925           0.119           0.889           0.001       -0.605833           0.124           0.862           0.004  
56       -0.392778           0.098           0.898           0.003       -0.538611           0.341           0.628           0.038  
57       -0.537778           0.149           0.856           0.003       -0.615833           0.423            0.58           0.027  
58       -0.700278           0.203           0.809           0.002       -0.794722           0.419           0.564           0.011  
59       -0.794444           0.317           0.701           0.002       -0.992778           0.574           0.367           0.006  
60       -0.873889           0.308           0.712           0.001        -1.14389           0.654           0.292           0.004  
61         -0.9525            0.29           0.727               0        -1.29417            0.67           0.333           0.003  
62       -0.848611           0.291           0.734               0        -1.23833           0.648           0.395           0.003  
63       -0.676944           0.227           0.801               0        -1.06778           0.435           0.607           0.001  
64       -0.475278           0.231           0.799           0.001       -0.842222           0.336           0.716           0.002  
65           -0.36           0.149           0.879           0.001       -0.553056           0.176           0.896           0.004  
66       -0.257778           0.115           0.913               0            -0.3           0.039           0.978           0.003  
67         -0.1725           0.059           0.955               0      -0.0652778           0.009           0.992           0.004  
68       -0.152222           0.025           0.979           0.001       0.0455556           0.003           0.997           0.004  
69      -0.0886111           0.002           0.997           0.001           0.105           0.002           0.997           0.001  
70      -0.0616667           0.002           0.998           0.001        0.125278           0.005           0.994           0.001  
71     -0.00444444           0.002           0.997           0.001       0.0983333           0.007           0.991           0.001  
72       0.0655556           0.003           0.996           0.001       0.0841667           0.005           0.993               0  
73        0.114444           0.005           0.993               0       0.0516667           0.013           0.986               0  
74        0.127222           0.009           0.989               0            0.03           0.006           0.992               0  
75        0.133333           0.006           0.993               0       0.0494444           0.005           0.994               0  
76        0.140278           0.004           0.995               0       0.0630556           0.004           0.996               0  
77       0.0947222           0.003           0.996               0          0.0375           0.004           0.996               0  
78       0.0363889           0.003           0.996               0    -0.000833333           0.003           0.996               0  
79       0.0161111           0.003           0.996               0         -0.0025           0.003           0.996               0  
80       0.0141667           0.003           0.996           0.001          0.0025           0.003           0.996               0  
81            -0.1           0.003           0.995           0.003       -0.105278           0.003           0.995           0.001  
82       -0.251389           0.004           0.994           0.006       -0.250278           0.005           0.992           0.004  
83       -0.340833           0.007           0.992           0.002       -0.367778           0.008            0.99           0.002  
84       -0.435833           0.006           0.992           0.004       -0.490833           0.011           0.985           0.007  
85       -0.626389           0.009           0.989           0.004       -0.709444           0.008           0.989           0.005  
86       -0.905833            0.02           0.975           0.013        -1.01694           0.014           0.981           0.015  
87        -1.03639           0.094           0.894            0.03        -1.17528           0.066           0.921           0.039  
88         -1.0575           0.242           0.759           0.013        -1.22417            0.22           0.783           0.022  
89        -1.13583            0.61           0.275           0.009        -1.27472           0.622           0.229            0.02  
90         -1.2225           0.763           0.124           0.007        -1.33361           0.809           0.077           0.015  
91        -1.19056           0.813           0.104           0.005        -1.27389           0.875           0.063           0.007  
92       -0.984444           0.795           0.121           0.006           -1.04           0.832           0.107           0.007  
93       -0.905833           0.847           0.054           0.008       -0.933611           0.881            0.04           0.009  
94       -0.935833           0.903           0.022           0.015       -0.935833           0.916           0.018           0.014  
95       -0.899167           0.933            0.02           0.015       -0.899167           0.935            0.02           0.017  
96       -0.893333            0.98            0.01           0.003       -0.893333           0.981           0.011           0.003  
97       -0.928889           0.245           0.787           0.001       -0.928889           0.204            0.83               0  
98        -1.07528           0.064           0.941               0        -1.07528           0.062           0.944               0  
99        -1.08556           0.048           0.939           0.001        -1.08556           0.043           0.943           0.001  
100        -1.04194           0.033           0.953           0.001        -1.04194           0.027           0.963           0.001  
101        -1.12667           0.017            0.98               0        -1.14917           0.015           0.982               0  
102        -1.07056           0.024           0.974               0        -1.19639           0.024           0.973               0  
103        -1.06556           0.043           0.948           0.001        -1.29472           0.039           0.953           0.001  
104        -1.09972            0.06           0.933           0.002        -1.43222           0.069           0.924           0.002  
105        -1.21778            0.23           0.801           0.001        -1.65361           0.275           0.761               0  
106        -1.33306           0.505           0.494           0.001        -1.87222           0.602           0.372           0.001  
107        -1.29111           0.939           0.039           0.001        -1.88861           0.966           0.019           0.001  
108         -1.3625            0.97           0.015           0.001        -1.85667            0.97           0.015           0.001  
109        -1.38278           0.963           0.013           0.005        -1.77361            0.96           0.013           0.005  
110        -1.27361           0.902           0.021           0.023        -1.56111           0.891           0.022           0.022  
111        -1.15111           0.854           0.031           0.047        -1.33528           0.824           0.034           0.059  
112        -1.02167           0.739           0.099           0.043         -1.1025            0.69           0.131           0.069  
113       -0.941389           0.412           0.632           0.016       -0.941389           0.417           0.711           0.028  
114       -0.904444           0.264           0.843            0.02       -0.904444           0.254           0.877           0.029  
115       -0.786944           0.121           0.929           0.008       -0.786944           0.123           0.933           0.019  
116       -0.731944           0.019           0.981           0.002       -0.739722           0.021            0.98           0.005  
117       -0.719444           0.009           0.991           0.001          -0.735           0.017           0.984           0.001  
118       -0.675278           0.004           0.994           0.001       -0.698611           0.005           0.992           0.001  
119       -0.653889           0.004           0.993           0.001         -0.6725           0.006            0.99           0.001  
120       -0.510833           0.005           0.993               0       -0.524722           0.008           0.989               0  
121       -0.471667           0.005           0.993               0       -0.480833           0.007            0.99               0  
122       -0.441944           0.006           0.992               0       -0.430833           0.009           0.988               0  
123       -0.376389           0.013           0.987               0          -0.345           0.021           0.978               0  
124       -0.334722           0.003           0.996               0       -0.300556           0.004           0.996               0  
125       -0.310556           0.006           0.994           0.001       -0.298611           0.005           0.993           0.001  
126       -0.317778           0.011           0.983           0.016       -0.328056           0.011           0.984           0.011  
127       -0.278611           0.035           0.961           0.018       -0.311111            0.04           0.956           0.025  
128       -0.238056           0.217           0.827           0.003       -0.300556           0.139           0.878           0.007  
129         -0.1975           0.463            0.51           0.004           -0.29           0.487           0.476           0.005  
130       -0.243056           0.937           0.038           0.002       -0.330556            0.95           0.034           0.001  
131       -0.319167           0.945           0.024           0.009       -0.389167           0.965           0.023           0.006  
132       -0.441944           0.884           0.033           0.041       -0.494444           0.926           0.037           0.018  
133       -0.658333           0.853           0.052           0.043       -0.693333           0.903           0.059            0.02  
134       -0.904444           0.861           0.078           0.014       -0.921944           0.909           0.069           0.008  
135        -1.12139           0.815           0.163           0.009        -1.12139           0.836           0.183           0.006  
136        -1.26361           0.524           0.516           0.004        -1.26361           0.476           0.619           0.002  
137        -1.26083           0.319            0.76           0.003        -1.26083           0.265           0.833           0.002  
138        -1.23472           0.179           0.881           0.001        -1.23472           0.153           0.909           0.001  
139        -1.09667           0.014           0.988           0.001        -1.09667           0.013           0.989           0.001  
140       -0.971389           0.007           0.991           0.002       -0.971389           0.006           0.992           0.004  
141       -0.868611           0.027           0.969           0.004       -0.867222           0.043           0.956           0.005  
142       -0.726944           0.011           0.983           0.001       -0.724167           0.012           0.984           0.002  
143       -0.764722           0.012           0.985               0       -0.760556           0.012           0.985               0  
144       -0.779167           0.022           0.974               0       -0.773611           0.019           0.978               0  
145       -0.805833           0.013           0.982               0       -0.798889           0.013           0.983               0  
146       -0.717778            0.01           0.987               0       -0.709444           0.011           0.986               0  
147       -0.748611           0.013           0.984               0       -0.741667           0.013           0.983               0  
148       -0.795278           0.017           0.977               0       -0.781667            0.02           0.974               0  
149       -0.673056           0.027           0.968               0       -0.652778           0.044           0.951               0  
150       -0.648611            0.03           0.965               0       -0.621667            0.05           0.943               0  
151       -0.659167           0.051           0.941               0       -0.613056           0.071           0.922               0  
152       -0.828889           0.096           0.906               0       -0.767222           0.204           0.817               0  
153       -0.812778           0.238           0.761           0.001       -0.731389           0.326           0.693           0.001  
154         -0.8375           0.549           0.447           0.001       -0.846389           0.577           0.409           0.002  
155        -1.02611           0.871           0.083           0.002        -1.12528           0.933           0.029           0.003  
156        -1.07167            0.96           0.016           0.002        -1.26111           0.967           0.016           0.003  
157        -1.18583           0.967           0.014           0.007        -1.49056           0.978           0.013           0.005  
158        -1.19861           0.974           0.017           0.003        -1.61139           0.941           0.039           0.002  
159        -1.27611           0.057           0.939               0         -1.8025           0.189           0.811           0.001  
160        -1.32361           0.062           0.941               0        -1.76778           0.167           0.852               0  
161        -1.19806           0.043           0.953               0           -1.56           0.133           0.878               0  
162        -1.14111           0.028           0.967               0        -1.42083           0.067           0.931               0  
163         -0.9525           0.015           0.985               0         -1.1375           0.021           0.979               0  
164       -0.741667           0.005           0.994               0       -0.835556           0.008           0.991               0  
165       -0.528333           0.004           0.993               0       -0.528333           0.007           0.991               0  
166       -0.351667           0.011           0.984           0.002       -0.351667            0.01           0.986               0  
167       -0.283056           0.056           0.923           0.011       -0.283056           0.021           0.971           0.001  
168       -0.231944           0.123           0.863           0.004       -0.231944           0.028           0.964               0  
169       -0.208333           0.339           0.675           0.002       -0.208333           0.214            0.79           0.001  
170       -0.224167           0.181           0.829               0       -0.203889           0.059           0.943               0  
171       -0.251389           0.137           0.867               0       -0.210833            0.04           0.959               0  
172       -0.260278           0.139            0.87               0       -0.199444           0.036           0.962               0  
173       -0.238889           0.096           0.902           0.001       -0.157778           0.022           0.975               0  
174       -0.236389           0.082           0.912           0.004          -0.135           0.021           0.976           0.001  
175       -0.281944           0.068           0.934           0.002       -0.160278           0.021           0.979           0.001  
176       -0.363333           0.116           0.873           0.011       -0.261944           0.038           0.956           0.004  
177       -0.426389            0.17           0.803           0.025       -0.345278           0.067           0.912           0.012  
178       -0.489444           0.371           0.651           0.004       -0.428611           0.294           0.718           0.002  
179       -0.593889           0.479           0.556           0.001       -0.553333           0.433           0.605           0.001  
180       -0.588333           0.413           0.575           0.001       -0.568056           0.364           0.633               0  
181       -0.546111           0.347           0.644           0.003       -0.546111           0.366           0.646           0.001  
182       -0.394444           0.206           0.788           0.004       -0.394444           0.118           0.895           0.001  
183       -0.259722           0.152           0.838           0.008       -0.259722           0.074           0.927           0.002  
184       -0.105278           0.094           0.899           0.014       -0.105278           0.032           0.964           0.003  
185       0.0247222           0.058           0.945           0.025       0.0247222           0.015           0.982           0.004  
186           -0.01           0.018           0.976           0.069           -0.01           0.009           0.986           0.011  
187      -0.0755556           0.009           0.987           0.044      -0.0755556           0.005           0.993            0.01  
188         -0.2925           0.009           0.979           0.039         -0.2925           0.005           0.991           0.009  
189       -0.589444           0.008           0.976            0.03       -0.589444           0.005           0.991           0.009  
190       -0.988333           0.009           0.961           0.136       -0.988333           0.005           0.988           0.041  
191           -1.25           0.042           0.842           0.204           -1.25           0.031           0.938           0.114  
192        -1.41778           0.367           0.506           0.044        -1.41778           0.342            0.67           0.014  
193        -1.59472           0.564           0.382           0.023        -1.59472           0.516           0.495           0.007  
194        -1.67639           0.621            0.31           0.025        -1.63389           0.547           0.443           0.008  
195        -1.60222           0.542           0.368           0.027        -1.51722           0.428           0.543           0.006  
196        -1.36361           0.517            0.41           0.052        -1.23611           0.344           0.624           0.006  
197        -1.24056           0.492           0.473           0.065        -1.07056           0.233           0.747           0.002  
198        -1.03194           0.402           0.546           0.043       -0.819444           0.236           0.747           0.002  
199       -0.858056            0.37           0.593           0.026       -0.603056           0.221            0.77           0.002  
200          -0.645           0.171           0.816           0.002         -0.4325           0.045           0.952               0  
201       -0.515833           0.128           0.865           0.001       -0.345833           0.071           0.929               0  
202       -0.476667           0.054           0.945           0.001       -0.349167           0.018            0.98               0  
203       -0.396389           0.012           0.984           0.001       -0.280278           0.009           0.989               0  
204       -0.441667            0.01           0.988           0.001       -0.336944           0.006           0.993               0  
205       -0.346667           0.004           0.995           0.001       -0.253333           0.004           0.996               0  
206       -0.285833           0.001           0.998           0.001       -0.161389           0.002           0.998           0.001  
207       -0.224167           0.002           0.998           0.002      -0.0686111           0.001           0.998           0.002  
208       -0.186944           0.001           0.999           0.001    -0.000277778           0.001           0.999           0.001  
209         -0.1675           0.001           0.999           0.001     -0.00305556           0.001           0.999           0.001  
210      -0.0736111           0.002           0.998           0.001       0.0686111           0.002           0.998           0.001  
211      -0.0636111           0.003           0.996           0.001       0.0505556           0.002           0.997           0.001  
212      -0.0811111           0.004           0.995               0      -0.0227778           0.004           0.995               0  
213       -0.167222           0.007           0.992               0       -0.164722           0.006           0.993               0  
214       -0.181111           0.007           0.991               0       -0.234444           0.007            0.99               0  
215       -0.153889           0.006           0.993               0       -0.249722           0.008           0.991               0  
216         -0.2375           0.007           0.992               0       -0.375833            0.01           0.989               0  
217       -0.350278            0.01           0.989               0       -0.556111           0.016           0.981               0  
218       -0.538611           0.022           0.974           0.001       -0.756389            0.04           0.952           0.001  
219       -0.583889           0.068           0.916           0.005       -0.801944           0.108           0.877           0.002  
220       -0.747778           0.339           0.677           0.003       -0.907222           0.463           0.545           0.002  
221       -0.936111           0.721           0.209           0.009        -1.02944           0.799           0.156           0.007  
222       -0.977222           0.854           0.044           0.007        -1.00444           0.752           0.115           0.022  
223        -1.04306            0.93           0.016           0.011       -0.959167           0.743           0.107             0.1  
224         -0.9425           0.825            0.04            0.05       -0.775278           0.631           0.076           0.236  
225       -0.928056           0.839           0.013           0.093       -0.700833           0.487           0.035           0.393  
226       -0.848333           0.415           0.006           0.573       -0.678889           0.361           0.024           0.558  
227       -0.777778           0.145           0.011           0.819       -0.663333           0.148           0.021           0.794  
228       -0.820833           0.292           0.007           0.611       -0.761389           0.193           0.011           0.702  
229         -0.8325           0.549           0.008           0.321       -0.819722           0.516           0.009           0.346  
230       -0.938889           0.748           0.021           0.132       -0.972778           0.778           0.018           0.105  
231        -1.06917           0.808           0.028           0.104        -1.13806           0.833           0.027           0.067  
232        -1.10222           0.867           0.022           0.077        -1.14056           0.887           0.024           0.037  
233        -1.20611           0.939           0.013           0.027        -1.21528           0.945           0.014           0.017  
234        -1.26111            0.94           0.027           0.018        -1.24111           0.942           0.027           0.016  
235        -1.18139           0.951           0.026           0.016        -1.15472           0.947            0.03           0.014  
236        -1.09528           0.855           0.131           0.006        -1.06194           0.805            0.18           0.005  
237       -0.890556           0.211           0.814           0.001       -0.850556           0.228           0.804           0.001  
238       -0.797222           0.184           0.843               0       -0.763889           0.196           0.835               0  
239       -0.559444           0.107           0.903               0       -0.532778           0.079           0.928               0  
240       -0.299444           0.021           0.977               0       -0.279444           0.021           0.977               0  
241       -0.151667           0.018            0.98               0       -0.138333           0.017           0.981               0  
242      -0.0108333            0.01           0.987               0     -0.00416667           0.011           0.987               0  
243       0.0541667           0.006           0.993               0       0.0541667           0.006           0.992               0  
244        0.182222           0.006           0.993               0        0.182222           0.007           0.992               0  
245        0.231667           0.005           0.993               0        0.231667           0.007           0.991               0  
246        0.212778           0.004           0.995               0        0.212778           0.009            0.99               0  
247        0.187222           0.005           0.994               0        0.195278           0.009           0.989               0  
248        0.203056           0.005           0.993               0        0.219444           0.007           0.991               0  
249        0.180278           0.009           0.988               0           0.205            0.01           0.987               0  
250       0.0433333           0.015           0.982               0       0.0763889           0.013           0.985               0  
251         -0.0875           0.012           0.985               0      -0.0380556           0.012           0.984               0  
252       -0.151667           0.041           0.957               0      -0.0858333           0.029           0.967               0  
253       -0.274722           0.012           0.985               0       -0.208611           0.013           0.984               0  
254       -0.458889           0.009           0.989               0          -0.445           0.008            0.99               0  
255           -0.57           0.008           0.989               0       -0.631944           0.008           0.989               0  
256       -0.531944           0.009           0.988               0       -0.669722           0.007            0.99               0  
257       -0.486944           0.008            0.99               0       -0.716667           0.006           0.993               0  
258       -0.551944           0.008           0.989               0         -0.8225           0.006           0.993               0  
259       -0.508889            0.01           0.987               0          -0.795           0.009           0.989               0  
260       -0.476111           0.009           0.987               0       -0.673611           0.008           0.989               0  
261       -0.591389           0.011           0.986               0       -0.653056            0.01           0.987               0  
262       -0.783056            0.01           0.987               0       -0.696389           0.009           0.988               0  
263       -0.987778           0.011           0.986               0       -0.738333           0.011           0.986               0  
264        -1.10583           0.013           0.983               0         -0.7875           0.011           0.986               0  
265        -1.32361           0.013           0.984               0       -0.970833           0.012           0.984               0  
266        -1.42472           0.017           0.979               0        -1.08972           0.017           0.979               0  
267        -1.37389           0.029           0.967               0        -1.08028           0.023           0.973               0  
268        -1.34056           0.057           0.936               0        -1.11333           0.048           0.946               0  
269        -1.33028           0.106           0.888           0.001        -1.18222           0.115           0.884               0  
270          -1.335           0.261           0.772               0        -1.21417           0.232           0.798           0.001  
271        -1.19417           0.436           0.598           0.001        -1.08333           0.365           0.678               0  
272        -1.21194           0.543           0.483           0.001        -1.04972           0.554           0.451           0.001  
273         -1.2875           0.784           0.194           0.001        -1.07389           0.865           0.092           0.001  
274         -1.3275           0.906           0.088           0.001           -1.05           0.958           0.034           0.002  
275        -1.30889           0.475           0.587           0.003       -0.961111           0.694           0.276           0.006  
276        -1.19167            0.27           0.778           0.004       -0.800278           0.356            0.65           0.008  
277        -1.17667           0.151           0.901           0.002       -0.741667           0.221           0.849           0.007  
278        -1.02278           0.016           0.988           0.001       -0.666111           0.058           0.963           0.004  
279       -0.796111           0.005           0.995           0.003       -0.517778            0.01           0.991           0.004  
280       -0.576389           0.006           0.992           0.007       -0.376389           0.006           0.992           0.006  
281       -0.377778           0.004           0.996           0.001       -0.256111           0.004           0.995           0.002  
282       -0.304722           0.005           0.994               0       -0.243889           0.005           0.994           0.001  
283       -0.241111           0.005           0.994               0       -0.241111           0.005           0.994           0.001  
284       -0.196389           0.009           0.989               0       -0.196389           0.007           0.992           0.001  
285       -0.182222           0.006           0.993               0       -0.182222           0.007           0.992           0.001  
286       -0.190833           0.006           0.993               0       -0.190833            0.01           0.989               0  
287         -0.2075           0.004           0.996               0       -0.208889           0.005           0.994               0  
288         -0.1525           0.003           0.996               0       -0.155278           0.005           0.993               0  
289      -0.0741667           0.003           0.996               0      -0.0783333           0.005           0.993               0  
290      -0.0316667           0.004           0.995               0      -0.0436111           0.008            0.99               0  
291    -0.000277778           0.007           0.992               0      -0.0280556           0.008           0.991               0  
292     -0.00527778           0.006           0.992           0.001          0.0225           0.016            0.98           0.001  
293      -0.0888889           0.027            0.97           0.001     -0.00277778           0.046           0.952           0.001  
294       -0.226667           0.032           0.958           0.003      -0.0822222            0.04           0.953           0.001  
295       -0.346944           0.263           0.765           0.003       -0.155556           0.249           0.776           0.002  
296       -0.485556           0.257           0.755           0.002       -0.254722           0.188           0.813           0.001  
297       -0.674444           0.438           0.554           0.002       -0.388056           0.419           0.572           0.001  
298       -0.755556           0.518           0.453           0.002       -0.556389           0.517           0.456           0.001  
299       -0.716667           0.696           0.173           0.012       -0.606111           0.704            0.17           0.007  
300         -0.6475           0.815            0.07           0.046       -0.625556           0.825           0.063           0.038  
301       -0.649722           0.855           0.057           0.042       -0.693611           0.848           0.052           0.048  
302       -0.615278           0.925           0.038           0.031       -0.690833           0.908            0.04           0.029  
303       -0.506389           0.955            0.03           0.014       -0.621667           0.913           0.055           0.011  
304       -0.492778           0.874           0.133           0.007       -0.576389           0.602           0.459           0.005  
305       -0.483333           0.372           0.685           0.002       -0.535278           0.349           0.687           0.001  
306       -0.497778           0.423           0.574           0.002       -0.518056           0.377           0.621           0.001  
307       -0.404444            0.36           0.639           0.001       -0.415833           0.326           0.672           0.001  
308       -0.347778            0.04           0.956               0       -0.370556           0.043           0.952               0  
309       -0.365556           0.112           0.884           0.001       -0.399722           0.131           0.864           0.001  
310       -0.336944            0.07           0.921           0.001         -0.3825           0.072           0.918           0.001  
311       -0.353333           0.159            0.85               0       -0.410278           0.147           0.862               0  
312       -0.378056           0.315           0.704               0       -0.446389           0.313           0.705               0  
313          -0.445           0.666           0.356           0.001       -0.507778           0.653            0.37           0.001  
314       -0.511111           0.948           0.033           0.001       -0.568333            0.95           0.033           0.001  
315       -0.504167           0.864           0.063           0.003       -0.568333           0.859           0.072           0.003  
316           -0.43           0.799           0.125           0.011       -0.501111           0.843           0.085           0.009  
317       -0.341667           0.398           0.605           0.003       -0.426389           0.437           0.569           0.003  
318       -0.200833           0.047           0.952               0       -0.299167           0.094           0.913               0  
319      -0.0636111           0.041           0.957               0       -0.175278            0.06           0.943               0  
320        0.120556           0.027           0.967               0     -0.00444444           0.028           0.967               0  
321        0.270278           0.015            0.98               0        0.148889           0.018           0.978               0  
322        0.318056           0.011           0.985               0        0.211667           0.012           0.985               0  
323          0.2725            0.01           0.986               0        0.194444           0.011           0.985               0  
324        0.194444           0.007            0.99               0        0.144722           0.008            0.99               0  
325        0.100278           0.006           0.992               0       0.0811111           0.007           0.991               0  
326      -0.0466667           0.004           0.995               0      -0.0352778           0.004           0.995               0  
327       -0.226111           0.004           0.994               0       -0.180556           0.005           0.994               0  
328       -0.346111           0.004           0.995               0       -0.289167           0.004           0.995               0  
329       -0.292222           0.003           0.995               0       -0.230556           0.004           0.995               0  
330       -0.243056           0.004           0.994           0.001       -0.176667           0.005           0.993           0.001  
331       -0.185556           0.003           0.996           0.001       -0.130556           0.004           0.995           0.002  
332       -0.113611           0.004           0.995           0.002           -0.07           0.005           0.993           0.003  
333      -0.0194444           0.002           0.997           0.001      0.00472222           0.003           0.997           0.001  
334      0.00916667           0.005           0.992           0.006       0.0252778           0.007            0.99           0.008  
335         -0.0675           0.014           0.981           0.021      -0.0594444           0.018           0.977           0.025  
336       -0.204722            0.09           0.922           0.012       -0.204722           0.091           0.918           0.015  
337       -0.371667           0.229           0.805           0.003       -0.371667           0.247           0.782           0.005  
338       -0.526944           0.584           0.352           0.002       -0.526944           0.625           0.294           0.003  
339       -0.633333           0.949           0.028           0.001       -0.633333           0.945           0.025           0.001  
340       -0.674444           0.957            0.02           0.004       -0.674444            0.95            0.02           0.005  
341       -0.697222           0.864           0.037           0.026       -0.697222           0.845           0.041           0.028  
342       -0.654444           0.703           0.103            0.15       -0.654444           0.693           0.117           0.156  
343       -0.558889            0.45           0.423           0.197       -0.558889            0.44           0.471           0.214  
344       -0.430278            0.37           0.373           0.242       -0.430278           0.297           0.446           0.216  
345       -0.361389           0.356           0.562           0.172       -0.361389           0.308           0.578           0.189  
346       -0.315556           0.252           0.725           0.025       -0.315556           0.287           0.685           0.039  
347       -0.287222           0.048           0.936               0       -0.287222           0.048           0.937           0.001  
348       -0.211389           0.041            0.94               0       -0.211389           0.039           0.942               0  
349       -0.146389           0.054           0.922               0       -0.153056           0.054           0.921               0  
350       -0.117222           0.031           0.958               0       -0.130556           0.031           0.959               0  
351      -0.0858333           0.031           0.962               0       -0.105833           0.028           0.965               0  
352      -0.0905556           0.046           0.948               0       -0.117222           0.044            0.95               0  
353      -0.0602778           0.023           0.971               0      -0.0936111           0.029           0.965               0  
354      -0.0541667           0.013           0.983               0      -0.0941667           0.014           0.981               0  
355      -0.0963889           0.015            0.98               0       -0.129722           0.015           0.979               0  
356       -0.151111           0.077           0.918               0       -0.177778           0.118           0.878               0  
357       -0.170833           0.025           0.972               0       -0.179167           0.029           0.968               0  
358       -0.149444           0.009           0.988               0       -0.139444           0.009           0.988               0  
359       -0.145556           0.009           0.988               0       -0.105556            0.01           0.987               0  
360       -0.165278           0.011           0.984               0       -0.178333           0.012           0.983               0  
361       -0.113333           0.011           0.986               0       -0.186111           0.011           0.986               0  
362      -0.0427778           0.015           0.982               0       -0.175278           0.015           0.983               0  
363      -0.0486111           0.025           0.974               0       -0.264167           0.023           0.975               0  
364       -0.128333           0.021           0.976               0       -0.426944           0.021           0.976               0  
365       -0.223889           0.048           0.945           0.001       -0.628889           0.047           0.945           0.002  
366          -0.385           0.178           0.824           0.001       -0.730278           0.175           0.828           0.001  
367       -0.581944           0.714           0.273           0.002         -0.8675           0.724           0.262           0.002  
368       -0.868333           0.872           0.087           0.002        -1.09417           0.866           0.088           0.002  
369        -1.03694           0.852           0.097           0.002        -1.19139           0.872           0.078           0.002  
370        -1.09806           0.927           0.058           0.005        -1.18111           0.932           0.053           0.004  
371        -1.13889           0.936           0.052           0.011        -1.13889           0.934           0.053            0.01  
372        -1.04778           0.947           0.034            0.01        -1.04778           0.954           0.028            0.01  
373          -0.975            0.83           0.137           0.005          -0.975           0.854           0.117           0.005  
374       -0.727778           0.227           0.807           0.001       -0.727778           0.186           0.848           0.001  
375       -0.539444           0.128           0.896               0       -0.539444           0.118           0.904               0  
376       -0.396111           0.022           0.976               0       -0.396111           0.023           0.974               0  
377           -0.24           0.009           0.989               0           -0.24           0.009           0.989               0  
378       -0.179444           0.006           0.992               0       -0.179444           0.007           0.992               0  
379       -0.100556            0.01           0.987               0       -0.100556           0.011           0.985               0  
380       -0.114167            0.02           0.973           0.001       -0.114167           0.018           0.975               0  
381       -0.121944           0.062           0.938               0       -0.109444           0.047           0.952               0  
382       -0.112222            0.01           0.988               0      -0.0872222           0.011           0.987               0  
383       -0.125556           0.023           0.974               0      -0.0880556           0.026            0.97               0  
384       -0.112222           0.021           0.975               0      -0.0622222           0.022           0.975               0  
385      -0.0872222           0.021           0.974               0      -0.0166667           0.021           0.975               0  
386       -0.147778           0.092           0.907               0      -0.0566667           0.059           0.939               0  
387           -0.22           0.062           0.932               0       -0.133333           0.049           0.945               0  
388       -0.368611           0.112           0.874           0.002       -0.286389           0.076           0.909           0.001  
389       -0.493056           0.248           0.732           0.007       -0.415278           0.231           0.747           0.004  
390       -0.605833           0.487           0.498           0.008         -0.5325           0.478            0.53           0.005  
391       -0.759444           0.561           0.376           0.004       -0.706667           0.536           0.424           0.003  
392       -0.737778           0.509           0.508           0.003       -0.705556           0.494           0.535           0.002  
393       -0.698611           0.228           0.791           0.001       -0.666389           0.164           0.857               0  
394       -0.523333           0.031           0.965               0       -0.491111           0.022           0.976               0  
395       -0.373056            0.02           0.977           0.001       -0.340833           0.014           0.983           0.001  
396       -0.201944           0.005           0.993           0.003       -0.169722           0.005           0.994           0.003  
397      -0.0555556           0.002           0.996            0.01      -0.0152778           0.002           0.996           0.009  
398      -0.0113889           0.002           0.996           0.007       0.0369444           0.002           0.997           0.005  
399     -0.00194444           0.002           0.997           0.004       0.0383333           0.001           0.998           0.004  
400       -0.181944           0.002           0.997           0.002       -0.149722           0.002           0.997           0.003  
401       -0.420833           0.003           0.997           0.003       -0.396667           0.002           0.997           0.003  
402       -0.723611            0.01           0.984           0.047         -0.7075           0.011           0.985           0.039  
403       -0.963611           0.094           0.908           0.019       -0.955556           0.088           0.915           0.019  
404        -1.17722           0.405           0.626           0.005        -1.17722           0.389           0.643           0.005  
405        -1.33667            0.93           0.057           0.001        -1.33667           0.916           0.071           0.001  
406        -1.27167           0.952           0.027           0.002        -1.27167           0.952           0.028           0.002  
407        -1.14611           0.651           0.239           0.006        -1.14611           0.636           0.261           0.007  
408       -0.964722           0.585           0.378           0.012       -0.964722            0.63           0.337           0.015  
409           -0.71           0.505           0.472           0.019           -0.71           0.525           0.447            0.02  
410       -0.466389            0.06           0.939           0.001       -0.466389           0.059            0.94           0.001  
411          -0.285           0.022           0.978               0          -0.285           0.026           0.974               0  
412         -0.2275           0.019           0.978               0       -0.251667            0.02           0.977               0  
413      -0.0877778           0.006           0.993               0       -0.136111           0.005           0.993               0  
414      0.00694444           0.003           0.997               0      -0.0655556           0.003           0.997               0  
415    -0.000277778           0.002           0.998               0      -0.0969444           0.002           0.998               0  
416           -0.04           0.002           0.998               0       -0.160833           0.001           0.998           0.001  
417      -0.0188889           0.003           0.996           0.001       -0.163889           0.002           0.997           0.001  
418       0.0255556           0.003           0.996               0      -0.0952778           0.003           0.997               0  
419      -0.0255556           0.005           0.994               0       -0.122222           0.004           0.995               0  
420      -0.0983333           0.008           0.991               0       -0.170833           0.004           0.995               0  
421       -0.139444           0.008            0.99               0       -0.187778           0.005           0.994               0  
422       -0.119722            0.01           0.989               0       -0.173611           0.008           0.991               0  
423       -0.165556           0.012           0.986               0          -0.225           0.008            0.99               0  
424       -0.258889           0.016           0.981               0       -0.348056           0.013           0.985               0  
425       -0.406111           0.035           0.965               0          -0.525           0.026           0.974               0  
426       -0.504722           0.109           0.887               0       -0.653333           0.071            0.92           0.001  
427       -0.608889           0.515           0.488           0.001       -0.787222           0.459           0.539           0.001  
428       -0.776944           0.959           0.022           0.001       -0.925556           0.973           0.014           0.001  
429       -0.911944           0.977            0.01           0.001        -1.03083           0.976           0.009           0.001  
430          -1.005           0.952            0.02           0.009        -1.08278           0.929           0.022           0.013  
431       -0.933889           0.882           0.048           0.015       -0.970556           0.814           0.106           0.018  
432       -0.789167           0.371           0.625           0.002       -0.784722           0.255           0.739           0.001  
433       -0.669167           0.077           0.922               0       -0.623611           0.049           0.946               0  
434       -0.567778           0.036           0.954               0       -0.510833           0.038            0.95               0  
435       -0.454722           0.032           0.956               0       -0.386389           0.029           0.961               0  
436       -0.318056            0.02           0.973               0       -0.261111           0.019           0.975               0  
437       -0.293056           0.023           0.973               0         -0.2475            0.02           0.975               0  
438       -0.435833           0.032           0.961               0       -0.401667           0.027           0.964               0  
439       -0.622778           0.055           0.932           0.001            -0.6           0.076           0.904           0.001  
440       -0.782222           0.077           0.901           0.002       -0.748333           0.067           0.907           0.001  
441       -0.939167           0.441           0.579           0.001       -0.894167           0.372           0.637           0.001  
442        -1.21556           0.662            0.34           0.001        -1.14806           0.317           0.702               0  
443        -1.53472           0.647           0.338           0.001        -1.44472           0.309           0.705               0  
444        -1.69111           0.758           0.234           0.002        -1.62057           0.376           0.645               0  
445        -1.79389           0.836           0.172           0.003        -1.72182           0.411           0.617               0  
446        -1.82514           0.701           0.379           0.002        -1.80467           0.496           0.569           0.001  
447        -1.92364           0.668           0.465           0.002        -1.99077           0.758           0.294           0.001  
448        -1.90567           0.638           0.559           0.001           -2.07           0.971           0.001               0  
449        -1.77885           0.712           0.539           0.001               0               0               0               0  
450        -1.80095            0.97           0.001               0               0               0               0               0  

